0.0  1.6449340668
0.1  1.5346072448
0.2  1.4408788415
0.3  1.3600825867
0.4  1.2895778008
0.5  1.2274112777
0.6  1.1721051961
0.7  1.1225193425
0.8  1.0777588727
0.9  1.0371109178
1.0  1.0000000000
1.1  0.9659560305
1.2  0.9345909180
1.3  0.9055811887
1.4  0.8786548818
1.5  0.8535815370
1.6  0.8301644485
1.7  0.8082346082
1.8  0.7876459187
1.9  0.7682713766
2.0  0.7500000000
2.1  0.7327343380
2.2  0.7163884346
2.3  0.7008861539
2.4  0.6861597922
2.5  0.6721489222
2.6  0.6587994240
2.7  0.6460626682
2.8  0.6338948253
2.9  0.6222562765
3.0  0.6111111111
3.1  0.6004266951
3.2  0.5901732988
3.3  0.5803237748
3.4  0.5708532789
3.5  0.5617390261
3.6  0.5529600778
3.7  0.5444971553
3.8  0.5363324752
3.9  0.5284496047
4.0  0.5208333333
4.1  0.5134695595
4.2  0.5063451891
4.3  0.4994480457
4.4  0.4927667899
4.5  0.4862908474
4.6  0.4800103444
4.7  0.4739160494
4.8  0.4679993206
4.9  0.4622520593
5.0  0.4566666667
5.1  0.4512360050
5.2  0.4459533628
5.3  0.4408124230
5.4  0.4358072335
5.5  0.4309321810
5.6  0.4261819666
5.7  0.4215515839
5.8  0.4170362986
5.9  0.4126316299
6.0  0.4083333333
6.1  0.4041373855
6.2  0.4000399692
6.3  0.3960374604
6.4  0.3921264157
6.5  0.3883035614
6.6  0.3845657825
6.7  0.3809101134
6.8  0.3773337288
6.9  0.3738339351
7.0  0.3704081633
7.1  0.3670539608
7.2  0.3637689858
7.3  0.3605510003
7.4  0.3573978643
7.5  0.3543075310
7.6  0.3512780410
7.7  0.3483075181
7.8  0.3453941646
7.9  0.3425362571
8.0  0.3397321429
8.1  0.3369802361
8.2  0.3342790143
8.3  0.3316270156
8.4  0.3290228351
8.5  0.3264651225
8.6  0.3239525793
8.7  0.3214839561
8.8  0.3190580508
8.9  0.3166737058
9.0  0.3143298060
9.1  0.3120252771
9.2  0.3097590837
9.3  0.3075302270
9.4  0.3053377440
9.5  0.3031807052
9.6  0.3010582134
9.7  0.2989694023
9.8  0.2969134351
9.9  0.2948895033
10.0  0.2928968254
10.1  0.2909346458
10.2  0.2890022339
10.3  0.2870988825
10.4  0.2852239077
10.5  0.2833766471
10.6  0.2815564595
10.7  0.2797627239
10.8  0.2779948386
10.9  0.2762522203
11.0  0.2745343041
11.1  0.2728405417
11.2  0.2711704018
11.3  0.2695233686
11.4  0.2678989419
11.5  0.2662966362
11.6  0.2647159800
11.7  0.2631565155
11.8  0.2616177982
11.9  0.2600993962
12.0  0.2586008899
12.1  0.2571218712
12.2  0.2556619437
12.3  0.2542207218
12.4  0.2527978306
12.5  0.2513929053
12.6  0.2500055910
12.7  0.2486355424
12.8  0.2472824234
12.9  0.2459459066
13.0  0.2446256735
13.1  0.2433214137
13.2  0.2420328249
13.3  0.2407596126
13.4  0.2395014899
13.5  0.2382581771
13.6  0.2370294014
13.7  0.2358148970
13.8  0.2346144049
13.9  0.2334276720
14.0  0.2322544519
14.1  0.2310945039
14.2  0.2299475932
14.3  0.2288134908
14.4  0.2276919729
14.5  0.2265828212
14.6  0.2254858226
14.7  0.2244007687
14.8  0.2233274564
14.9  0.2222656869
15.0  0.2212152662
15.1  0.2201760047
15.2  0.2191477169
15.3  0.2181302219
15.4  0.2171233425
15.5  0.2161269056
15.6  0.2151407419
15.7  0.2141646859
15.8  0.2131985756
15.9  0.2122422526
16.0  0.2112955621
16.1  0.2103583523
16.2  0.2094304748
16.3  0.2085117846
16.4  0.2076021393
16.5  0.2067013998
16.6  0.2058094300
16.7  0.2049260963
16.8  0.2040512681
16.9  0.2031848174
17.0  0.2023266190
17.1  0.2014765499
17.2  0.2006344900
17.3  0.1998003212
17.4  0.1989739281
17.5  0.1981551974
17.6  0.1973440181
17.7  0.1965402815
17.8  0.1957438808
17.9  0.1949547115
18.0  0.1941726710
18.1  0.1933976587
18.2  0.1926295760
18.3  0.1918683260
18.4  0.1911138138
18.5  0.1903659464
18.6  0.1896246323
18.7  0.1888897817
18.8  0.1881613068
18.9  0.1874391211
19.0  0.1867231398
19.1  0.1860132798
19.2  0.1853094592
19.3  0.1846115978
19.4  0.1839196168
19.5  0.1832334390
19.6  0.1825529882
19.7  0.1818781898
19.8  0.1812089706
19.9  0.1805452586
20.0  0.1798869829
20.1  0.1792340740
20.2  0.1785864637
20.3  0.1779440848
20.4  0.1773068713
20.5  0.1766747584
20.6  0.1760476824
20.7  0.1754255806
20.8  0.1748083914
20.9  0.1741960543
21.0  0.1735885098
21.1  0.1729856992
21.2  0.1723875650
21.3  0.1717940506
21.4  0.1712051003
21.5  0.1706206593
21.6  0.1700406738
21.7  0.1694650907
21.8  0.1688938579
21.9  0.1683269240
22.0  0.1677642386
22.1  0.1672057521
22.2  0.1666514154
22.3  0.1661011806
22.4  0.1655550001
22.5  0.1650128275
22.6  0.1644746169
22.7  0.1639403230
22.8  0.1634099013
22.9  0.1628833082
23.0  0.1623605005
23.1  0.1618414357
23.2  0.1613260720
23.3  0.1608143683
23.4  0.1603062840
23.5  0.1598017792
23.6  0.1593008145
23.7  0.1588033512
23.8  0.1583093511
23.9  0.1578187767
24.0  0.1573315907
24.1  0.1568477569
24.2  0.1563672390
24.3  0.1558900019
24.4  0.1554160104
24.5  0.1549452301
24.6  0.1544776272
24.7  0.1540131682
24.8  0.1535518201
24.9  0.1530935504
25.0  0.1526383271
25.1  0.1521861186
25.2  0.1517368938
25.3  0.1512906220
25.4  0.1508472729
25.5  0.1504068166
25.6  0.1499692238
25.7  0.1495344654
25.8  0.1491025127
25.9  0.1486733376
26.0  0.1482469122
26.1  0.1478232090
26.2  0.1474022009
26.3  0.1469838612
26.4  0.1465681636
26.5  0.1461550820
26.6  0.1457445908
26.7  0.1453366645
26.8  0.1449312784
26.9  0.1445284076
27.0  0.1441280279
27.1  0.1437301152
27.2  0.1433346459
27.3  0.1429415966
27.4  0.1425509441
27.5  0.1421626658
27.6  0.1417767391
27.7  0.1413931417
27.8  0.1410118519
27.9  0.1406328480
28.0  0.1402561085
28.1  0.1398816125
28.2  0.1395093391
28.3  0.1391392677
28.4  0.1387713781
28.5  0.1384056501
28.6  0.1380420641
28.7  0.1376806004
28.8  0.1373212398
28.9  0.1369639631
29.0  0.1366087516
29.1  0.1362555867
29.2  0.1359044499
29.3  0.1355553232
29.4  0.1352081885
29.5  0.1348630283
29.6  0.1345198249
29.7  0.1341785611
29.8  0.1338392199
29.9  0.1335017843
30.0  0.1331662377
30.1  0.1328325636
30.2  0.1325007457
30.3  0.1321707680
30.4  0.1318426145
30.5  0.1315162695
30.6  0.1311917175
30.7  0.1308689432
30.8  0.1305479313
30.9  0.1302286670
31.0  0.1299111353
31.1  0.1295953217
31.2  0.1292812116
31.3  0.1289687908
31.4  0.1286580450
31.5  0.1283489603
31.6  0.1280415229
31.7  0.1277357191
31.8  0.1274315354
31.9  0.1271289584
32.0  0.1268279749
32.1  0.1265285717
32.2  0.1262307361
32.3  0.1259344552
32.4  0.1256397164
32.5  0.1253465071
32.6  0.1250548151
32.7  0.1247646280
32.8  0.1244759339
32.9  0.1241887207
33.0  0.1239029765
33.1  0.1236186898
33.2  0.1233358489
33.3  0.1230544424
33.4  0.1227744590
33.5  0.1224958874
33.6  0.1222187166
33.7  0.1219429355
33.8  0.1216685334
33.9  0.1213954995
34.0  0.1211238232
34.1  0.1208534940
34.2  0.1205845015
34.3  0.1203168353
34.4  0.1200504854
34.5  0.1197854416
34.6  0.1195216939
34.7  0.1192592326
34.8  0.1189980478
34.9  0.1187381298
35.0  0.1184794691
35.1  0.1182220563
35.2  0.1179658819
35.3  0.1177109367
35.4  0.1174572115
35.5  0.1172046972
35.6  0.1169533848
35.7  0.1167032654
35.8  0.1164543303
35.9  0.1162065706
36.0  0.1159599777
36.1  0.1157145431
36.2  0.1154702583
36.3  0.1152271150
36.4  0.1149851048
36.5  0.1147442194
36.6  0.1145044509
36.7  0.1142657911
36.8  0.1140282320
36.9  0.1137917657
37.0  0.1135563844
37.1  0.1133220804
37.2  0.1130888460
37.3  0.1128566736
37.4  0.1126255556
37.5  0.1123954847
37.6  0.1121664534
37.7  0.1119384544
37.8  0.1117114805
37.9  0.1114855245
38.0  0.1112605793
38.1  0.1110366379
38.2  0.1108136933
38.3  0.1105917385
38.4  0.1103707669
38.5  0.1101507715
38.6  0.1099317457
38.7  0.1097136828
38.8  0.1094965762
38.9  0.1092804195
39.0  0.1090652061
39.1  0.1088509297
39.2  0.1086375838
39.3  0.1084251623
39.4  0.1082136588
39.5  0.1080030673
39.6  0.1077933815
39.7  0.1075845955
39.8  0.1073767032
39.9  0.1071696986
40.0  0.1069635760
40.1  0.1067583293
40.2  0.1065539529
40.3  0.1063504410
40.4  0.1061477880
40.5  0.1059459880
40.6  0.1057450357
40.7  0.1055449254
40.8  0.1053456517
40.9  0.1051472091
41.0  0.1049495923
41.1  0.1047527958
41.2  0.1045568144
41.3  0.1043616428
41.4  0.1041672759
41.5  0.1039737085
41.6  0.1037809354
41.7  0.1035889516
41.8  0.1033977520
41.9  0.1032073318
42.0  0.1030176859
42.1  0.1028288094
42.2  0.1026406975
42.3  0.1024533454
42.4  0.1022667483
42.5  0.1020809015
42.6  0.1018958002
42.7  0.1017114399
42.8  0.1015278159
42.9  0.1013449237
43.0  0.1011627586
43.1  0.1009813163
43.2  0.1008005922
43.3  0.1006205820
43.4  0.1004412812
43.5  0.1002626855
43.6  0.1000847906
43.7  0.0999075922
43.8  0.0997310861
43.9  0.0995552681
44.0  0.0993801339
44.1  0.0992056796
44.2  0.0990319009
44.3  0.0988587937
44.4  0.0986863542
44.5  0.0985145782
44.6  0.0983434618
44.7  0.0981730010
44.8  0.0980031920
44.9  0.0978340308
45.0  0.0976655137
45.1  0.0974976368
45.2  0.0973303963
45.3  0.0971637885
45.4  0.0969978096
45.5  0.0968324561
45.6  0.0966677241
45.7  0.0965036101
45.8  0.0963401105
45.9  0.0961772217
46.0  0.0960149401
46.1  0.0958532623
46.2  0.0956921847
46.3  0.0955317039
46.4  0.0953718164
46.5  0.0952125189
46.6  0.0950538079
46.7  0.0948956801
46.8  0.0947381321
46.9  0.0945811607
47.0  0.0944247626
47.1  0.0942689345
47.2  0.0941136732
47.3  0.0939589755
47.4  0.0938048381
47.5  0.0936512581
47.6  0.0934982321
47.7  0.0933457572
47.8  0.0931938302
47.9  0.0930424481
48.0  0.0928916078
48.1  0.0927413063
48.2  0.0925915407
48.3  0.0924423079
48.4  0.0922936051
48.5  0.0921454292
48.6  0.0919977774
48.7  0.0918506468
48.8  0.0917040346
48.9  0.0915579379
49.0  0.0914123538
49.1  0.0912672797
49.2  0.0911227127
49.3  0.0909786501
49.4  0.0908350891
49.5  0.0906920270
49.6  0.0905494611
49.7  0.0904073888
49.8  0.0902658074
49.9  0.0901247143
50.0  0.0899841068
50.1  0.0898439823
50.2  0.0897043383
50.3  0.0895651723
50.4  0.0894264815
50.5  0.0892882637
50.6  0.0891505162
50.7  0.0890132365
50.8  0.0888764222
50.9  0.0887400709
51.0  0.0886041800
51.1  0.0884687473
51.2  0.0883337702
51.3  0.0881992464
51.4  0.0880651736
51.5  0.0879315494
51.6  0.0877983714
51.7  0.0876656373
51.8  0.0875333449
51.9  0.0874014919
52.0  0.0872700760
52.1  0.0871390949
52.2  0.0870085464
52.3  0.0868784283
52.4  0.0867487384
52.5  0.0866194745
52.6  0.0864906344
52.7  0.0863622160
52.8  0.0862342171
52.9  0.0861066356
53.0  0.0859794693
53.1  0.0858527163
53.2  0.0857263743
53.3  0.0856004414
53.4  0.0854749154
53.5  0.0853497944
53.6  0.0852250762
53.7  0.0851007590
53.8  0.0849768406
53.9  0.0848533191
54.0  0.0847301925
54.1  0.0846074588
54.2  0.0844851162
54.3  0.0843631627
54.4  0.0842415963
54.5  0.0841204151
54.6  0.0839996173
54.7  0.0838792009
54.8  0.0837591642
54.9  0.0836395052
55.0  0.0835202220
55.1  0.0834013130
55.2  0.0832827761
55.3  0.0831646097
55.4  0.0830468119
55.5  0.0829293809
55.6  0.0828123150
55.7  0.0826956124
55.8  0.0825792714
55.9  0.0824632902
56.0  0.0823476670
56.1  0.0822324003
56.2  0.0821174882
56.3  0.0820029290
56.4  0.0818887212
56.5  0.0817748629
56.6  0.0816613527
56.7  0.0815481887
56.8  0.0814353693
56.9  0.0813228930
57.0  0.0812107581
57.1  0.0810989631
57.2  0.0809875062
57.3  0.0808763859
57.4  0.0807656007
57.5  0.0806551489
57.6  0.0805450290
57.7  0.0804352395
57.8  0.0803257788
57.9  0.0802166454
58.0  0.0801078378
58.1  0.0799993545
58.2  0.0798911939
58.3  0.0797833546
58.4  0.0796758350
58.5  0.0795686338
58.6  0.0794617495
58.7  0.0793551805
58.8  0.0792489255
58.9  0.0791429830
59.0  0.0790373516
59.1  0.0789320299
59.2  0.0788270165
59.3  0.0787223099
59.4  0.0786179088
59.5  0.0785138118
59.6  0.0784100175
59.7  0.0783065245
59.8  0.0782033316
59.9  0.0781004372
60.0  0.0779978402
60.1  0.0778955392
60.2  0.0777935327
60.3  0.0776918196
60.4  0.0775903986
60.5  0.0774892682
60.6  0.0773884273
60.7  0.0772878744
60.8  0.0771876085
60.9  0.0770876281
61.0  0.0769879321
61.1  0.0768885191
61.2  0.0767893879
61.3  0.0766905373
61.4  0.0765919661
61.5  0.0764936730
61.6  0.0763956568
61.7  0.0762979163
61.8  0.0762004503
61.9  0.0761032575
62.0  0.0760063369
62.1  0.0759096872
62.2  0.0758133072
62.3  0.0757171959
62.4  0.0756213519
62.5  0.0755257742
62.6  0.0754304616
62.7  0.0753354130
62.8  0.0752406273
62.9  0.0751461032
63.0  0.0750518397
63.1  0.0749578357
63.2  0.0748640901
63.3  0.0747706018
63.4  0.0746773696
63.5  0.0745843924
63.6  0.0744916693
63.7  0.0743991991
63.8  0.0743069808
63.9  0.0742150132
64.0  0.0741232954
64.1  0.0740318262
64.2  0.0739406047
64.3  0.0738496297
64.4  0.0737589003
64.5  0.0736684154
64.6  0.0735781741
64.7  0.0734881752
64.8  0.0733984178
64.9  0.0733089008
65.0  0.0732196234
65.1  0.0731305844
65.2  0.0730417829
65.3  0.0729532179
65.4  0.0728648884
65.5  0.0727767935
65.6  0.0726889321
65.7  0.0726013034
65.8  0.0725139064
65.9  0.0724267401
66.0  0.0723398035
66.1  0.0722530959
66.2  0.0721666161
66.3  0.0720803632
66.4  0.0719943365
66.5  0.0719085348
66.6  0.0718229574
66.7  0.0717376033
66.8  0.0716524716
66.9  0.0715675614
67.0  0.0714828718
67.1  0.0713984019
67.2  0.0713141508
67.3  0.0712301177
67.4  0.0711463017
67.5  0.0710627019
67.6  0.0709793175
67.7  0.0708961475
67.8  0.0708131912
67.9  0.0707304476
68.0  0.0706479160
68.1  0.0705655955
68.2  0.0704834852
68.3  0.0704015844
68.4  0.0703198921
68.5  0.0702384076
68.6  0.0701571301
68.7  0.0700760586
68.8  0.0699951925
68.9  0.0699145310
69.0  0.0698340731
69.1  0.0697538181
69.2  0.0696737653
69.3  0.0695939138
69.4  0.0695142628
69.5  0.0694348117
69.6  0.0693555595
69.7  0.0692765055
69.8  0.0691976489
69.9  0.0691189891
70.0  0.0690405251
70.1  0.0689622563
70.2  0.0688841820
70.3  0.0688063012
70.4  0.0687286135
70.5  0.0686511178
70.6  0.0685738137
70.7  0.0684967002
70.8  0.0684197767
70.9  0.0683430424
71.0  0.0682664967
71.1  0.0681901388
71.2  0.0681139679
71.3  0.0680379835
71.4  0.0679621847
71.5  0.0678865709
71.6  0.0678111414
71.7  0.0677358954
71.8  0.0676608324
71.9  0.0675859515
72.0  0.0675112521
72.1  0.0674367336
72.2  0.0673623952
72.3  0.0672882363
72.4  0.0672142561
72.5  0.0671404541
72.6  0.0670668296
72.7  0.0669933819
72.8  0.0669201103
72.9  0.0668470142
73.0  0.0667740929
73.1  0.0667013459
73.2  0.0666287723
73.3  0.0665563717
73.4  0.0664841434
73.5  0.0664120866
73.6  0.0663402009
73.7  0.0662684855
73.8  0.0661969399
73.9  0.0661255634
74.0  0.0660543554
74.1  0.0659833152
74.2  0.0659124424
74.3  0.0658417362
74.4  0.0657711960
74.5  0.0657008213
74.6  0.0656306114
74.7  0.0655605658
74.8  0.0654906838
74.9  0.0654209649
75.0  0.0653514084
75.1  0.0652820138
75.2  0.0652127805
75.3  0.0651437080
75.4  0.0650747955
75.5  0.0650060426
75.6  0.0649374487
75.7  0.0648690133
75.8  0.0648007356
75.9  0.0647326153
76.0  0.0646646516
76.1  0.0645968442
76.2  0.0645291923
76.3  0.0644616955
76.4  0.0643943532
76.5  0.0643271649
76.6  0.0642601300
76.7  0.0641932479
76.8  0.0641265181
76.9  0.0640599402
77.0  0.0639935135
77.1  0.0639272375
77.2  0.0638611117
77.3  0.0637951356
77.4  0.0637293086
77.5  0.0636636302
77.6  0.0635980999
77.7  0.0635327172
77.8  0.0634674815
77.9  0.0634023924
78.0  0.0633374494
78.1  0.0632726518
78.2  0.0632079993
78.3  0.0631434913
78.4  0.0630791274
78.5  0.0630149069
78.6  0.0629508295
78.7  0.0628868946
78.8  0.0628231018
78.9  0.0627594505
79.0  0.0626959402
79.1  0.0626325706
79.2  0.0625693410
79.3  0.0625062511
79.4  0.0624433003
79.5  0.0623804882
79.6  0.0623178142
79.7  0.0622552780
79.8  0.0621928790
79.9  0.0621306169
80.0  0.0620684910
80.1  0.0620065010
80.2  0.0619446464
80.3  0.0618829267
80.4  0.0618213415
80.5  0.0617598903
80.6  0.0616985727
80.7  0.0616373882
80.8  0.0615763364
80.9  0.0615154169
81.0  0.0614546291
81.1  0.0613939727
81.2  0.0613334472
81.3  0.0612730521
81.4  0.0612127871
81.5  0.0611526516
81.6  0.0610926454
81.7  0.0610327679
81.8  0.0609730186
81.9  0.0609133973
82.0  0.0608539034
82.1  0.0607945366
82.2  0.0607352963
82.3  0.0606761823
82.4  0.0606171941
82.5  0.0605583312
82.6  0.0604995932
82.7  0.0604409798
82.8  0.0603824906
82.9  0.0603241250
83.0  0.0602658828
83.1  0.0602077635
83.2  0.0601497667
83.3  0.0600918920
83.4  0.0600341391
83.5  0.0599765074
83.6  0.0599189967
83.7  0.0598616065
83.8  0.0598043364
83.9  0.0597471861
84.0  0.0596901552
84.1  0.0596332432
84.2  0.0595764498
84.3  0.0595197746
84.4  0.0594632173
84.5  0.0594067774
84.6  0.0593504545
84.7  0.0592942484
84.8  0.0592381586
84.9  0.0591821847
85.0  0.0591263264
85.1  0.0590705832
85.2  0.0590149550
85.3  0.0589594412
85.4  0.0589040415
85.5  0.0588487555
85.6  0.0587935829
85.7  0.0587385233
85.8  0.0586835764
85.9  0.0586287418
86.0  0.0585740192
86.1  0.0585194081
86.2  0.0584649083
86.3  0.0584105193
86.4  0.0583562409
86.5  0.0583020727
86.6  0.0582480143
86.7  0.0581940655
86.8  0.0581402257
86.9  0.0580864948
87.0  0.0580328724
87.1  0.0579793581
87.2  0.0579259516
87.3  0.0578726526
87.4  0.0578194607
87.5  0.0577663755
87.6  0.0577133969
87.7  0.0576605243
87.8  0.0576077576
87.9  0.0575550963
88.0  0.0575025402
88.1  0.0574500889
88.2  0.0573977421
88.3  0.0573454994
88.4  0.0572933606
88.5  0.0572413254
88.6  0.0571893933
88.7  0.0571375642
88.8  0.0570858376
88.9  0.0570342133
89.0  0.0569826909
89.1  0.0569312702
89.2  0.0568799508
89.3  0.0568287324
89.4  0.0567776148
89.5  0.0567265975
89.6  0.0566756804
89.7  0.0566248630
89.8  0.0565741452
89.9  0.0565235265
90.0  0.0564730067
90.1  0.0564225855
90.2  0.0563722626
90.3  0.0563220377
90.4  0.0562719105
90.5  0.0562218807
90.6  0.0561719480
90.7  0.0561221121
90.8  0.0560723728
90.9  0.0560227297
91.0  0.0559731826
91.1  0.0559237311
91.2  0.0558743750
91.3  0.0558251140
91.4  0.0557759478
91.5  0.0557268761
91.6  0.0556778987
91.7  0.0556290152
91.8  0.0555802255
91.9  0.0555315291
92.0  0.0554829259
92.1  0.0554344155
92.2  0.0553859977
92.3  0.0553376722
92.4  0.0552894387
92.5  0.0552412970
92.6  0.0551932468
92.7  0.0551452878
92.8  0.0550974198
92.9  0.0550496425
93.0  0.0550019556
93.1  0.0549543588
93.2  0.0549068519
93.3  0.0548594347
93.4  0.0548121068
93.5  0.0547648680
93.6  0.0547177181
93.7  0.0546706568
93.8  0.0546236838
93.9  0.0545767989
94.0  0.0545300018
94.1  0.0544832922
94.2  0.0544366700
94.3  0.0543901348
94.4  0.0543436864
94.5  0.0542973246
94.6  0.0542510491
94.7  0.0542048596
94.8  0.0541587559
94.9  0.0541127378
95.0  0.0540668051
95.1  0.0540209573
95.2  0.0539751945
95.3  0.0539295162
95.4  0.0538839222
95.5  0.0538384123
95.6  0.0537929863
95.7  0.0537476439
95.8  0.0537023849
95.9  0.0536572091
96.0  0.0536121161
96.1  0.0535671058
96.2  0.0535221780
96.3  0.0534773324
96.4  0.0534325687
96.5  0.0533878868
96.6  0.0533432863
96.7  0.0532987672
96.8  0.0532543291
96.9  0.0532099718
97.0  0.0531656951
97.1  0.0531214988
97.2  0.0530773826
97.3  0.0530333463
97.4  0.0529893898
97.5  0.0529455126
97.6  0.0529017148
97.7  0.0528579959
97.8  0.0528143559
97.9  0.0527707944
98.0  0.0527273113
98.1  0.0526839063
98.2  0.0526405793
98.3  0.0525973300
98.4  0.0525541582
98.5  0.0525110636
98.6  0.0524680461
98.7  0.0524251055
98.8  0.0523822415
98.9  0.0523394539
99.0  0.0522967426
99.1  0.0522541073
99.2  0.0522115477
99.3  0.0521690638
99.4  0.0521266552
99.5  0.0520843218
99.6  0.0520420633
99.7  0.0519998797
99.8  0.0519577706
99.9  0.0519157358
100.0  0.0518737752
100.1  0.0518318885
100.2  0.0517900756
100.3  0.0517483362
100.4  0.0517066702
100.5  0.0516650773
100.6  0.0516235573
100.7  0.0515821101
100.8  0.0515407355
100.9  0.0514994332
101.0  0.0514582030
101.1  0.0514170449
101.2  0.0513759585
101.3  0.0513349436
101.4  0.0512940002
101.5  0.0512531279
101.6  0.0512123266
101.7  0.0511715962
101.8  0.0511309363
101.9  0.0510903469
102.0  0.0510498277
102.1  0.0510093786
102.2  0.0509689993
102.3  0.0509286897
102.4  0.0508884496
102.5  0.0508482788
102.6  0.0508081772
102.7  0.0507681444
102.8  0.0507281804
102.9  0.0506882850
103.0  0.0506484579
103.1  0.0506086991
103.2  0.0505690083
103.3  0.0505293853
103.4  0.0504898300
103.5  0.0504503422
103.6  0.0504109217
103.7  0.0503715683
103.8  0.0503322819
103.9  0.0502930622
104.0  0.0502539092
104.1  0.0502148225
104.2  0.0501758021
104.3  0.0501368478
104.4  0.0500979595
104.5  0.0500591368
104.6  0.0500203797
104.7  0.0499816880
104.8  0.0499430615
104.9  0.0499045000
105.0  0.0498660034
105.1  0.0498275716
105.2  0.0497892043
105.3  0.0497509013
105.4  0.0497126625
105.5  0.0496744878
105.6  0.0496363770
105.7  0.0495983299
105.8  0.0495603463
105.9  0.0495224261
106.0  0.0494845691
106.1  0.0494467751
106.2  0.0494090441
106.3  0.0493713758
106.4  0.0493337700
106.5  0.0492962267
106.6  0.0492587455
106.7  0.0492213265
106.8  0.0491839694
106.9  0.0491466741
107.0  0.0491094404
107.1  0.0490722681
107.2  0.0490351571
107.3  0.0489981073
107.4  0.0489611184
107.5  0.0489241904
107.6  0.0488873230
107.7  0.0488505162
107.8  0.0488137697
107.9  0.0487770834
108.0  0.0487404572
108.1  0.0487038909
108.2  0.0486673843
108.3  0.0486309374
108.4  0.0485945499
108.5  0.0485582217
108.6  0.0485219527
108.7  0.0484857426
108.8  0.0484495914
108.9  0.0484134990
109.0  0.0483774650
109.1  0.0483414895
109.2  0.0483055723
109.3  0.0482697132
109.4  0.0482339120
109.5  0.0481981687
109.6  0.0481624831
109.7  0.0481268550
109.8  0.0480912843
109.9  0.0480557709
110.0  0.0480203145
110.1  0.0479849152
110.2  0.0479495726
110.3  0.0479142868
110.4  0.0478790575
110.5  0.0478438846
110.6  0.0478087680
110.7  0.0477737075
110.8  0.0477387029
110.9  0.0477037543
111.0  0.0476688613
111.1  0.0476340239
111.2  0.0475992420
111.3  0.0475645154
111.4  0.0475298439
111.5  0.0474952274
111.6  0.0474606659
111.7  0.0474261591
111.8  0.0473917069
111.9  0.0473573092
112.0  0.0473229659
112.1  0.0472886768
112.2  0.0472544418
112.3  0.0472202607
112.4  0.0471861335
112.5  0.0471520600
112.6  0.0471180400
112.7  0.0470840735
112.8  0.0470501603
112.9  0.0470163002
113.0  0.0469824932
113.1  0.0469487392
113.2  0.0469150379
113.3  0.0468813893
113.4  0.0468477932
113.5  0.0468142495
113.6  0.0467807581
113.7  0.0467473189
113.8  0.0467139317
113.9  0.0466805964
114.0  0.0466473129
114.1  0.0466140810
114.2  0.0465809007
114.3  0.0465477717
114.4  0.0465146941
114.5  0.0464816676
114.6  0.0464486922
114.7  0.0464157677
114.8  0.0463828940
114.9  0.0463500709
115.0  0.0463172984
115.1  0.0462845764
115.2  0.0462519046
115.3  0.0462192831
115.4  0.0461867116
115.5  0.0461541901
115.6  0.0461217184
115.7  0.0460892964
115.8  0.0460569240
115.9  0.0460246012
116.0  0.0459923277
116.1  0.0459601034
116.2  0.0459279283
116.3  0.0458958021
116.4  0.0458637249
116.5  0.0458316965
116.6  0.0457997168
116.7  0.0457677856
116.8  0.0457359028
116.9  0.0457040684
117.0  0.0456722822
117.1  0.0456405441
117.2  0.0456088540
117.3  0.0455772118
117.4  0.0455456173
117.5  0.0455140705
117.6  0.0454825712
117.7  0.0454511194
117.8  0.0454197149
117.9  0.0453883576
118.0  0.0453570474
118.1  0.0453257842
118.2  0.0452945679
118.3  0.0452633983
118.4  0.0452322755
118.5  0.0452011992
118.6  0.0451701693
118.7  0.0451391858
118.8  0.0451082485
118.9  0.0450773573
119.0  0.0450465122
119.1  0.0450157130
119.2  0.0449849596
119.3  0.0449542519
119.4  0.0449235898
119.5  0.0448929732
119.6  0.0448624020
119.7  0.0448318761
119.8  0.0448013954
119.9  0.0447709597
120.0  0.0447405691
120.1  0.0447102233
120.2  0.0446799222
120.3  0.0446496659
120.4  0.0446194541
120.5  0.0445892868
120.6  0.0445591638
120.7  0.0445290851
120.8  0.0444990506
120.9  0.0444690601
121.0  0.0444391136
121.1  0.0444092110
121.2  0.0443793521
121.3  0.0443495369
121.4  0.0443197653
121.5  0.0442900371
121.6  0.0442603523
121.7  0.0442307108
121.8  0.0442011124
121.9  0.0441715571
122.0  0.0441420448
122.1  0.0441125754
122.2  0.0440831488
122.3  0.0440537649
122.4  0.0440244235
122.5  0.0439951247
122.6  0.0439658683
122.7  0.0439366541
122.8  0.0439074822
122.9  0.0438783524
123.0  0.0438492647
123.1  0.0438202188
123.2  0.0437912148
123.3  0.0437622526
123.4  0.0437333320
123.5  0.0437044530
123.6  0.0436756154
123.7  0.0436468192
123.8  0.0436180643
123.9  0.0435893506
124.0  0.0435606780
124.1  0.0435320464
124.2  0.0435034557
124.3  0.0434749058
124.4  0.0434463967
124.5  0.0434179283
124.6  0.0433895004
124.7  0.0433611129
124.8  0.0433327659
124.9  0.0433044591
125.0  0.0432761926
125.1  0.0432479661
125.2  0.0432197797
125.3  0.0431916332
125.4  0.0431635266
125.5  0.0431354597
125.6  0.0431074325
125.7  0.0430794450
125.8  0.0430514969
125.9  0.0430235882
126.0  0.0429957189
126.1  0.0429678888
126.2  0.0429400978
126.3  0.0429123460
126.4  0.0428846331
126.5  0.0428569592
126.6  0.0428293240
126.7  0.0428017276
126.8  0.0427741699
126.9  0.0427466507
127.0  0.0427191700
127.1  0.0426917277
127.2  0.0426643238
127.3  0.0426369580
127.4  0.0426096305
127.5  0.0425823410
127.6  0.0425550894
127.7  0.0425278758
127.8  0.0425007001
127.9  0.0424735620
128.0  0.0424464617
128.1  0.0424193989
128.2  0.0423923736
128.3  0.0423653857
128.4  0.0423384352
128.5  0.0423115220
128.6  0.0422846459
128.7  0.0422578069
128.8  0.0422310050
128.9  0.0422042400
129.0  0.0421775119
129.1  0.0421508205
129.2  0.0421241659
129.3  0.0420975479
129.4  0.0420709664
129.5  0.0420444215
129.6  0.0420179129
129.7  0.0419914407
129.8  0.0419650046
129.9  0.0419386048
130.0  0.0419122411
130.1  0.0418859133
130.2  0.0418596215
130.3  0.0418333656
130.4  0.0418071455
130.5  0.0417809610
130.6  0.0417548123
130.7  0.0417286990
130.8  0.0417026213
130.9  0.0416765789
131.0  0.0416505720
131.1  0.0416246002
131.2  0.0415986637
131.3  0.0415727623
131.4  0.0415468959
131.5  0.0415210645
131.6  0.0414952680
131.7  0.0414695063
131.8  0.0414437793
131.9  0.0414180871
132.0  0.0413924294
132.1  0.0413668063
132.2  0.0413412176
132.3  0.0413156634
132.4  0.0412901434
132.5  0.0412646577
132.6  0.0412392062
132.7  0.0412137888
132.8  0.0411884054
132.9  0.0411630560
133.0  0.0411377405
133.1  0.0411124588
133.2  0.0410872108
133.3  0.0410619965
133.4  0.0410368159
133.5  0.0410116688
133.6  0.0409865552
133.7  0.0409614750
133.8  0.0409364281
133.9  0.0409114145
134.0  0.0408864341
134.1  0.0408614868
134.2  0.0408365726
134.3  0.0408116914
134.4  0.0407868431
134.5  0.0407620277
134.6  0.0407372451
134.7  0.0407124952
134.8  0.0406877780
134.9  0.0406630934
135.0  0.0406384413
135.1  0.0406138217
135.2  0.0405892344
135.3  0.0405646795
135.4  0.0405401569
135.5  0.0405156664
135.6  0.0404912081
135.7  0.0404667819
135.8  0.0404423877
135.9  0.0404180254
136.0  0.0403936950
136.1  0.0403693964
136.2  0.0403451295
136.3  0.0403208943
136.4  0.0402966908
136.5  0.0402725188
136.6  0.0402483782
136.7  0.0402242692
136.8  0.0402001914
136.9  0.0401761450
137.0  0.0401521298
137.1  0.0401281458
137.2  0.0401041929
137.3  0.0400802711
137.4  0.0400563802
137.5  0.0400325203
137.6  0.0400086912
137.7  0.0399848929
137.8  0.0399611254
137.9  0.0399373886
138.0  0.0399136823
138.1  0.0398900067
138.2  0.0398663615
138.3  0.0398427468
138.4  0.0398191624
138.5  0.0397956083
138.6  0.0397720845
138.7  0.0397485909
138.8  0.0397251275
138.9  0.0397016941
139.0  0.0396782907
139.1  0.0396549173
139.2  0.0396315738
139.3  0.0396082601
139.4  0.0395849762
139.5  0.0395617220
139.6  0.0395384974
139.7  0.0395153025
139.8  0.0394921371
139.9  0.0394690012
140.0  0.0394458947
140.1  0.0394228176
140.2  0.0393997699
140.3  0.0393767513
140.4  0.0393537620
140.5  0.0393308018
140.6  0.0393078707
140.7  0.0392849686
140.8  0.0392620955
140.9  0.0392392513
141.0  0.0392164359
141.1  0.0391936494
141.2  0.0391708915
141.3  0.0391481624
141.4  0.0391254619
141.5  0.0391027900
141.6  0.0390801466
141.7  0.0390575317
141.8  0.0390349452
141.9  0.0390123870
142.0  0.0389898572
142.1  0.0389673555
142.2  0.0389448821
142.3  0.0389224368
142.4  0.0389000196
142.5  0.0388776304
142.6  0.0388552692
142.7  0.0388329359
142.8  0.0388106305
142.9  0.0387883528
143.0  0.0387661030
143.1  0.0387438808
143.2  0.0387216863
143.3  0.0386995194
143.4  0.0386773800
143.5  0.0386552681
143.6  0.0386331837
143.7  0.0386111266
143.8  0.0385890969
143.9  0.0385670944
144.0  0.0385451192
144.1  0.0385231712
144.2  0.0385012503
144.3  0.0384793564
144.4  0.0384574896
144.5  0.0384356498
144.6  0.0384138368
144.7  0.0383920508
144.8  0.0383702915
144.9  0.0383485590
145.0  0.0383268532
145.1  0.0383051741
145.2  0.0382835216
145.3  0.0382618957
145.4  0.0382402963
145.5  0.0382187233
145.6  0.0381971768
145.7  0.0381756566
145.8  0.0381541627
145.9  0.0381326951
146.0  0.0381112537
146.1  0.0380898384
146.2  0.0380684493
146.3  0.0380470862
146.4  0.0380257492
146.5  0.0380044381
146.6  0.0379831529
146.7  0.0379618936
146.8  0.0379406601
146.9  0.0379194524
147.0  0.0378982704
147.1  0.0378771141
147.2  0.0378559835
147.3  0.0378348783
147.4  0.0378137988
147.5  0.0377927447
147.6  0.0377717160
147.7  0.0377507128
147.8  0.0377297348
147.9  0.0377087822
148.0  0.0376878548
148.1  0.0376669526
148.2  0.0376460756
148.3  0.0376252237
148.4  0.0376043968
148.5  0.0375835949
148.6  0.0375628180
148.7  0.0375420661
148.8  0.0375213390
148.9  0.0375006367
149.0  0.0374799592
149.1  0.0374593065
149.2  0.0374386784
149.3  0.0374180750
149.4  0.0373974961
149.5  0.0373769419
149.6  0.0373564121
149.7  0.0373359068
149.8  0.0373154259
149.9  0.0372949694
150.0  0.0372745373
150.1  0.0372541294
150.2  0.0372337457
150.3  0.0372133862
150.4  0.0371930509
150.5  0.0371727397
150.6  0.0371524526
150.7  0.0371321895
150.8  0.0371119503
150.9  0.0370917351
151.0  0.0370715437
151.1  0.0370513762
151.2  0.0370312326
151.3  0.0370111126
151.4  0.0369910164
151.5  0.0369709438
151.6  0.0369508949
151.7  0.0369308695
151.8  0.0369108677
151.9  0.0368908894
152.0  0.0368709346
152.1  0.0368510031
152.2  0.0368310950
152.3  0.0368112103
152.4  0.0367913488
152.5  0.0367715106
152.6  0.0367516956
152.7  0.0367319037
152.8  0.0367121350
152.9  0.0366923893
153.0  0.0366726667
153.1  0.0366529670
153.2  0.0366332903
153.3  0.0366136366
153.4  0.0365940056
153.5  0.0365743976
153.6  0.0365548123
153.7  0.0365352497
153.8  0.0365157098
153.9  0.0364961927
154.0  0.0364766981
154.1  0.0364572261
154.2  0.0364377767
154.3  0.0364183497
154.4  0.0363989453
154.5  0.0363795632
154.6  0.0363602035
154.7  0.0363408662
154.8  0.0363215512
154.9  0.0363022584
155.0  0.0362829879
155.1  0.0362637395
155.2  0.0362445133
155.3  0.0362253092
155.4  0.0362061271
155.5  0.0361869671
155.6  0.0361678291
155.7  0.0361487130
155.8  0.0361296188
155.9  0.0361105465
156.0  0.0360914960
156.1  0.0360724673
156.2  0.0360534604
156.3  0.0360344752
156.4  0.0360155116
156.5  0.0359965697
156.6  0.0359776494
156.7  0.0359587507
156.8  0.0359398735
156.9  0.0359210177
157.0  0.0359021835
157.1  0.0358833706
157.2  0.0358645791
157.3  0.0358458089
157.4  0.0358270601
157.5  0.0358083325
157.6  0.0357896261
157.7  0.0357709409
157.8  0.0357522769
157.9  0.0357336340
158.0  0.0357150121
158.1  0.0356964113
158.2  0.0356778315
158.3  0.0356592727
158.4  0.0356407348
158.5  0.0356222178
158.6  0.0356037216
158.7  0.0355852463
158.8  0.0355667917
158.9  0.0355483579
159.0  0.0355299448
159.1  0.0355115524
159.2  0.0354931806
159.3  0.0354748294
159.4  0.0354564988
159.5  0.0354381888
159.6  0.0354198992
159.7  0.0354016301
159.8  0.0353833814
159.9  0.0353651531
160.0  0.0353469452
160.1  0.0353287575
160.2  0.0353105902
160.3  0.0352924431
160.4  0.0352743163
160.5  0.0352562096
160.6  0.0352381230
160.7  0.0352200566
160.8  0.0352020103
160.9  0.0351839840
161.0  0.0351659777
161.1  0.0351479914
161.2  0.0351300250
161.3  0.0351120785
161.4  0.0350941519
161.5  0.0350762451
161.6  0.0350583582
161.7  0.0350404910
161.8  0.0350226435
161.9  0.0350048158
162.0  0.0349870077
162.1  0.0349692192
162.2  0.0349514504
162.3  0.0349337011
162.4  0.0349159714
162.5  0.0348982611
162.6  0.0348805704
162.7  0.0348628990
162.8  0.0348452471
162.9  0.0348276145
163.0  0.0348100013
163.1  0.0347924074
163.2  0.0347748327
163.3  0.0347572773
163.4  0.0347397411
163.5  0.0347222241
163.6  0.0347047262
163.7  0.0346872474
163.8  0.0346697878
163.9  0.0346523471
164.0  0.0346349255
164.1  0.0346175228
164.2  0.0346001391
164.3  0.0345827743
164.4  0.0345654284
164.5  0.0345481013
164.6  0.0345307931
164.7  0.0345135037
164.8  0.0344962330
164.9  0.0344789810
165.0  0.0344617478
165.1  0.0344445332
165.2  0.0344273372
165.3  0.0344101599
165.4  0.0343930011
165.5  0.0343758608
165.6  0.0343587391
165.7  0.0343416358
165.8  0.0343245510
165.9  0.0343074846
166.0  0.0342904366
166.1  0.0342734070
166.2  0.0342563956
166.3  0.0342394026
166.4  0.0342224278
166.5  0.0342054713
166.6  0.0341885330
166.7  0.0341716128
166.8  0.0341547108
166.9  0.0341378269
167.0  0.0341209611
167.1  0.0341041133
167.2  0.0340872836
167.3  0.0340704718
167.4  0.0340536781
167.5  0.0340369022
167.6  0.0340201443
167.7  0.0340034042
167.8  0.0339866820
167.9  0.0339699776
168.0  0.0339532910
168.1  0.0339366221
168.2  0.0339199710
168.3  0.0339033375
168.4  0.0338867218
168.5  0.0338701237
168.6  0.0338535432
168.7  0.0338369802
168.8  0.0338204349
168.9  0.0338039070
169.0  0.0337873967
169.1  0.0337709038
169.2  0.0337544284
169.3  0.0337379704
169.4  0.0337215297
169.5  0.0337051065
169.6  0.0336887005
169.7  0.0336723118
169.8  0.0336559405
169.9  0.0336395863
170.0  0.0336232494
170.1  0.0336069296
170.2  0.0335906271
170.3  0.0335743416
170.4  0.0335580732
170.5  0.0335418220
170.6  0.0335255877
170.7  0.0335093705
170.8  0.0334931703
170.9  0.0334769871
171.0  0.0334608207
171.1  0.0334446713
171.2  0.0334285388
171.3  0.0334124232
171.4  0.0333963243
171.5  0.0333802423
171.6  0.0333641770
171.7  0.0333481285
171.8  0.0333320967
171.9  0.0333160816
172.0  0.0333000831
172.1  0.0332841013
172.2  0.0332681362
172.3  0.0332521876
172.4  0.0332362555
172.5  0.0332203400
172.6  0.0332044410
172.7  0.0331885585
172.8  0.0331726924
172.9  0.0331568428
173.0  0.0331410095
173.1  0.0331251927
173.2  0.0331093921
173.3  0.0330936079
173.4  0.0330778400
173.5  0.0330620884
173.6  0.0330463530
173.7  0.0330306339
173.8  0.0330149309
173.9  0.0329992441
174.0  0.0329835734
174.1  0.0329679189
174.2  0.0329522804
174.3  0.0329366580
174.4  0.0329210517
174.5  0.0329054613
174.6  0.0328898870
174.7  0.0328743286
174.8  0.0328587861
174.9  0.0328432596
175.0  0.0328277489
175.1  0.0328122541
175.2  0.0327967752
175.3  0.0327813120
175.4  0.0327658647
175.5  0.0327504331
175.6  0.0327350172
175.7  0.0327196171
175.8  0.0327042326
175.9  0.0326888638
176.0  0.0326735107
176.1  0.0326581731
176.2  0.0326428512
176.3  0.0326275448
176.4  0.0326122540
176.5  0.0325969786
176.6  0.0325817188
176.7  0.0325664744
176.8  0.0325512455
176.9  0.0325360320
177.0  0.0325208339
177.1  0.0325056511
177.2  0.0324904837
177.3  0.0324753317
177.4  0.0324601949
177.5  0.0324450734
177.6  0.0324299672
177.7  0.0324148762
177.8  0.0323998003
177.9  0.0323847397
178.0  0.0323696942
178.1  0.0323546639
178.2  0.0323396487
178.3  0.0323246485
178.4  0.0323096634
178.5  0.0322946934
178.6  0.0322797384
178.7  0.0322647983
178.8  0.0322498733
178.9  0.0322349632
179.0  0.0322200680
179.1  0.0322051877
179.2  0.0321903223
179.3  0.0321754717
179.4  0.0321606360
179.5  0.0321458151
179.6  0.0321310089
179.7  0.0321162175
179.8  0.0321014409
179.9  0.0320866790
180.0  0.0320719318
180.1  0.0320571992
180.2  0.0320424813
180.3  0.0320277781
180.4  0.0320130894
180.5  0.0319984153
180.6  0.0319837558
180.7  0.0319691108
180.8  0.0319544804
180.9  0.0319398644
181.0  0.0319252629
181.1  0.0319106758
181.2  0.0318961032
181.3  0.0318815450
181.4  0.0318670012
181.5  0.0318524717
181.6  0.0318379565
181.7  0.0318234557
181.8  0.0318089692
181.9  0.0317944969
182.0  0.0317800390
182.1  0.0317655952
182.2  0.0317511656
182.3  0.0317367503
182.4  0.0317223490
182.5  0.0317079620
182.6  0.0316935890
182.7  0.0316792302
182.8  0.0316648854
182.9  0.0316505547
183.0  0.0316362381
183.1  0.0316219354
183.2  0.0316076468
183.3  0.0315933721
183.4  0.0315791114
183.5  0.0315648646
183.6  0.0315506317
183.7  0.0315364127
183.8  0.0315222076
183.9  0.0315080163
184.0  0.0314938389
184.1  0.0314796752
184.2  0.0314655254
184.3  0.0314513893
184.4  0.0314372669
184.5  0.0314231583
184.6  0.0314090634
184.7  0.0313949821
184.8  0.0313809146
184.9  0.0313668606
185.0  0.0313528203
185.1  0.0313387936
185.2  0.0313247805
185.3  0.0313107809
185.4  0.0312967949
185.5  0.0312828223
185.6  0.0312688633
185.7  0.0312549178
185.8  0.0312409857
185.9  0.0312270671
186.0  0.0312131618
186.1  0.0311992700
186.2  0.0311853916
186.3  0.0311715265
186.4  0.0311576747
186.5  0.0311438363
186.6  0.0311300112
186.7  0.0311161993
186.8  0.0311024008
186.9  0.0310886154
187.0  0.0310748433
187.1  0.0310610844
187.2  0.0310473386
187.3  0.0310336060
187.4  0.0310198866
187.5  0.0310061803
187.6  0.0309924871
187.7  0.0309788070
187.8  0.0309651399
187.9  0.0309514859
188.0  0.0309378449
188.1  0.0309242169
188.2  0.0309106020
188.3  0.0308969999
188.4  0.0308834109
188.5  0.0308698347
188.6  0.0308562715
188.7  0.0308427212
188.8  0.0308291837
188.9  0.0308156591
189.0  0.0308021474
189.1  0.0307886484
189.2  0.0307751623
189.3  0.0307616889
189.4  0.0307482283
189.5  0.0307347804
189.6  0.0307213453
189.7  0.0307079229
189.8  0.0306945131
189.9  0.0306811160
190.0  0.0306677316
190.1  0.0306543598
190.2  0.0306410006
190.3  0.0306276541
190.4  0.0306143201
190.5  0.0306009986
190.6  0.0305876897
190.7  0.0305743933
190.8  0.0305611094
190.9  0.0305478380
191.0  0.0305345791
191.1  0.0305213326
191.2  0.0305080986
191.3  0.0304948769
191.4  0.0304816677
191.5  0.0304684708
191.6  0.0304552863
191.7  0.0304421142
191.8  0.0304289543
191.9  0.0304158068
192.0  0.0304026716
192.1  0.0303895486
192.2  0.0303764379
192.3  0.0303633394
192.4  0.0303502531
192.5  0.0303371791
192.6  0.0303241172
192.7  0.0303110675
192.8  0.0302980299
192.9  0.0302850045
193.0  0.0302719911
193.1  0.0302589899
193.2  0.0302460008
193.3  0.0302330237
193.4  0.0302200586
193.5  0.0302071056
193.6  0.0301941646
193.7  0.0301812355
193.8  0.0301683185
193.9  0.0301554134
194.0  0.0301425203
194.1  0.0301296390
194.2  0.0301167697
194.3  0.0301039123
194.4  0.0300910667
194.5  0.0300782330
194.6  0.0300654111
194.7  0.0300526011
194.8  0.0300398028
194.9  0.0300270164
195.0  0.0300142417
195.1  0.0300014788
195.2  0.0299887276
195.3  0.0299759881
195.4  0.0299632604
195.5  0.0299505443
195.6  0.0299378399
195.7  0.0299251471
195.8  0.0299124660
195.9  0.0298997965
196.0  0.0298871386
196.1  0.0298744924
196.2  0.0298618576
196.3  0.0298492345
196.4  0.0298366228
196.5  0.0298240227
196.6  0.0298114341
196.7  0.0297988570
196.8  0.0297862914
196.9  0.0297737372
197.0  0.0297611945
197.1  0.0297486632
197.2  0.0297361433
197.3  0.0297236348
197.4  0.0297111377
197.5  0.0296986519
197.6  0.0296861775
197.7  0.0296737145
197.8  0.0296612627
197.9  0.0296488222
198.0  0.0296363930
198.1  0.0296239751
198.2  0.0296115685
198.3  0.0295991730
198.4  0.0295867888
198.5  0.0295744158
198.6  0.0295620540
198.7  0.0295497034
198.8  0.0295373639
198.9  0.0295250355
199.0  0.0295127183
199.1  0.0295004122
199.2  0.0294881172
199.3  0.0294758333
199.4  0.0294635604
199.5  0.0294512986
199.6  0.0294390478
199.7  0.0294268081
199.8  0.0294145793
199.9  0.0294023615
200.0  0.0293901547
200.1  0.0293779589
200.2  0.0293657740
200.3  0.0293536000
200.4  0.0293414370
200.5  0.0293292848
200.6  0.0293171435
200.7  0.0293050131
200.8  0.0292928936
200.9  0.0292807848
201.0  0.0292686869
201.1  0.0292565998
201.2  0.0292445235
201.3  0.0292324580
201.4  0.0292204032
201.5  0.0292083592
201.6  0.0291963259
201.7  0.0291843034
201.8  0.0291722915
201.9  0.0291602903
202.0  0.0291482998
202.1  0.0291363200
202.2  0.0291243508
202.3  0.0291123922
202.4  0.0291004443
202.5  0.0290885069
202.6  0.0290765802
202.7  0.0290646640
202.8  0.0290527584
202.9  0.0290408633
203.0  0.0290289787
203.1  0.0290171047
203.2  0.0290052411
203.3  0.0289933880
203.4  0.0289815455
203.5  0.0289697133
203.6  0.0289578916
203.7  0.0289460804
203.8  0.0289342795
203.9  0.0289224891
204.0  0.0289107090
204.1  0.0288989393
204.2  0.0288871800
204.3  0.0288754310
204.4  0.0288636923
204.5  0.0288519640
204.6  0.0288402459
204.7  0.0288285382
204.8  0.0288168407
204.9  0.0288051535
205.0  0.0287934765
205.1  0.0287818098
205.2  0.0287701532
205.3  0.0287585069
205.4  0.0287468708
205.5  0.0287352448
205.6  0.0287236291
205.7  0.0287120234
205.8  0.0287004279
205.9  0.0286888425
206.0  0.0286772673
206.1  0.0286657021
206.2  0.0286541470
206.3  0.0286426019
206.4  0.0286310670
206.5  0.0286195420
206.6  0.0286080271
206.7  0.0285965222
206.8  0.0285850273
206.9  0.0285735424
207.0  0.0285620675
207.1  0.0285506025
207.2  0.0285391475
207.3  0.0285277024
207.4  0.0285162672
207.5  0.0285048420
207.6  0.0284934266
207.7  0.0284820211
207.8  0.0284706255
207.9  0.0284592397
208.0  0.0284478638
208.1  0.0284364977
208.2  0.0284251414
208.3  0.0284137949
208.4  0.0284024582
208.5  0.0283911313
208.6  0.0283798141
208.7  0.0283685067
208.8  0.0283572090
208.9  0.0283459211
209.0  0.0283346428
209.1  0.0283233743
209.2  0.0283121154
209.3  0.0283008663
209.4  0.0282896267
209.5  0.0282783969
209.6  0.0282671766
209.7  0.0282559660
209.8  0.0282447650
209.9  0.0282335735
210.0  0.0282223917
210.1  0.0282112194
210.2  0.0282000567
210.3  0.0281889036
210.4  0.0281777599
210.5  0.0281666258
210.6  0.0281555012
210.7  0.0281443861
210.8  0.0281332805
210.9  0.0281221843
211.0  0.0281110976
211.1  0.0281000203
211.2  0.0280889525
211.3  0.0280778941
211.4  0.0280668451
211.5  0.0280558055
211.6  0.0280447753
211.7  0.0280337544
211.8  0.0280227430
211.9  0.0280117408
212.0  0.0280007480
212.1  0.0279897645
212.2  0.0279787903
212.3  0.0279678254
212.4  0.0279568698
212.5  0.0279459235
212.6  0.0279349865
212.7  0.0279240586
212.8  0.0279131401
212.9  0.0279022307
213.0  0.0278913306
213.1  0.0278804396
213.2  0.0278695579
213.3  0.0278586853
213.4  0.0278478219
213.5  0.0278369676
213.6  0.0278261225
213.7  0.0278152865
213.8  0.0278044597
213.9  0.0277936419
214.0  0.0277828332
214.1  0.0277720336
214.2  0.0277612431
214.3  0.0277504616
214.4  0.0277396892
214.5  0.0277289258
214.6  0.0277181715
214.7  0.0277074261
214.8  0.0276966898
214.9  0.0276859624
215.0  0.0276752441
215.1  0.0276645346
215.2  0.0276538342
215.3  0.0276431426
215.4  0.0276324601
215.5  0.0276217864
215.6  0.0276111216
215.7  0.0276004657
215.8  0.0275898188
215.9  0.0275791806
216.0  0.0275685514
216.1  0.0275579310
216.2  0.0275473194
216.3  0.0275367167
216.4  0.0275261228
216.5  0.0275155377
216.6  0.0275049613
216.7  0.0274943938
216.8  0.0274838350
216.9  0.0274732850
217.0  0.0274627438
217.1  0.0274522112
217.2  0.0274416874
217.3  0.0274311724
217.4  0.0274206660
217.5  0.0274101683
217.6  0.0273996793
217.7  0.0273891990
217.8  0.0273787273
217.9  0.0273682643
218.0  0.0273578099
218.1  0.0273473641
218.2  0.0273369270
218.3  0.0273264984
218.4  0.0273160785
218.5  0.0273056671
218.6  0.0272952643
218.7  0.0272848701
218.8  0.0272744844
218.9  0.0272641073
219.0  0.0272537386
219.1  0.0272433785
219.2  0.0272330270
219.3  0.0272226839
219.4  0.0272123492
219.5  0.0272020231
219.6  0.0271917054
219.7  0.0271813962
219.8  0.0271710954
219.9  0.0271608031
220.0  0.0271505192
220.1  0.0271402437
220.2  0.0271299765
220.3  0.0271197178
220.4  0.0271094675
220.5  0.0270992255
220.6  0.0270889919
220.7  0.0270787666
220.8  0.0270685497
220.9  0.0270583410
221.0  0.0270481407
221.1  0.0270379487
221.2  0.0270277651
221.3  0.0270175896
221.4  0.0270074225
221.5  0.0269972636
221.6  0.0269871130
221.7  0.0269769706
221.8  0.0269668365
221.9  0.0269567105
222.0  0.0269465928
222.1  0.0269364833
222.2  0.0269263820
222.3  0.0269162889
222.4  0.0269062039
222.5  0.0268961271
222.6  0.0268860584
222.7  0.0268759979
222.8  0.0268659455
222.9  0.0268559012
223.0  0.0268458651
223.1  0.0268358370
223.2  0.0268258171
223.3  0.0268158052
223.4  0.0268058013
223.5  0.0267958056
223.6  0.0267858179
223.7  0.0267758382
223.8  0.0267658666
223.9  0.0267559029
224.0  0.0267459473
224.1  0.0267359997
224.2  0.0267260601
224.3  0.0267161284
224.4  0.0267062048
224.5  0.0266962890
224.6  0.0266863813
224.7  0.0266764815
224.8  0.0266665896
224.9  0.0266567056
225.0  0.0266468295
225.1  0.0266369614
225.2  0.0266271011
225.3  0.0266172487
225.4  0.0266074042
225.5  0.0265975675
225.6  0.0265877387
225.7  0.0265779178
225.8  0.0265681047
225.9  0.0265582994
226.0  0.0265485019
226.1  0.0265387122
226.2  0.0265289303
226.3  0.0265191562
226.4  0.0265093899
226.5  0.0264996313
226.6  0.0264898805
226.7  0.0264801374
226.8  0.0264704021
226.9  0.0264606745
227.0  0.0264509547
227.1  0.0264412425
227.2  0.0264315380
227.3  0.0264218413
227.4  0.0264121522
227.5  0.0264024707
227.6  0.0263927970
227.7  0.0263831309
227.8  0.0263734724
227.9  0.0263638216
228.0  0.0263541784
228.1  0.0263445428
228.2  0.0263349148
228.3  0.0263252944
228.4  0.0263156816
228.5  0.0263060764
228.6  0.0262964788
228.7  0.0262868887
228.8  0.0262773062
228.9  0.0262677312
229.0  0.0262581637
229.1  0.0262486038
229.2  0.0262390513
229.3  0.0262295064
229.4  0.0262199690
229.5  0.0262104390
229.6  0.0262009166
229.7  0.0261914016
229.8  0.0261818941
229.9  0.0261723940
230.0  0.0261629014
230.1  0.0261534162
230.2  0.0261439384
230.3  0.0261344680
230.4  0.0261250050
230.5  0.0261155495
230.6  0.0261061013
230.7  0.0260966605
230.8  0.0260872271
230.9  0.0260778010
231.0  0.0260683823
231.1  0.0260589710
231.2  0.0260495669
231.3  0.0260401702
231.4  0.0260307808
231.5  0.0260213988
231.6  0.0260120240
231.7  0.0260026565
231.8  0.0259932963
231.9  0.0259839433
232.0  0.0259745977
232.1  0.0259652593
232.2  0.0259559281
232.3  0.0259466042
232.4  0.0259372875
232.5  0.0259279780
232.6  0.0259186757
232.7  0.0259093807
232.8  0.0259000928
232.9  0.0258908121
233.0  0.0258815387
233.1  0.0258722723
233.2  0.0258630132
233.3  0.0258537611
233.4  0.0258445163
233.5  0.0258352785
233.6  0.0258260479
233.7  0.0258168245
233.8  0.0258076081
233.9  0.0257983988
234.0  0.0257891966
234.1  0.0257800015
234.2  0.0257708135
234.3  0.0257616326
234.4  0.0257524587
234.5  0.0257432918
234.6  0.0257341320
234.7  0.0257249793
234.8  0.0257158335
234.9  0.0257066948
235.0  0.0256975631
235.1  0.0256884384
235.2  0.0256793207
235.3  0.0256702100
235.4  0.0256611062
235.5  0.0256520094
235.6  0.0256429196
235.7  0.0256338367
235.8  0.0256247608
235.9  0.0256156918
236.0  0.0256066297
236.1  0.0255975746
236.2  0.0255885264
236.3  0.0255794850
236.4  0.0255704506
236.5  0.0255614230
236.6  0.0255524024
236.7  0.0255433886
236.8  0.0255343816
236.9  0.0255253815
237.0  0.0255163883
237.1  0.0255074019
237.2  0.0254984223
237.3  0.0254894496
237.4  0.0254804836
237.5  0.0254715245
237.6  0.0254625722
237.7  0.0254536267
237.8  0.0254446879
237.9  0.0254357559
238.0  0.0254268307
238.1  0.0254179122
238.2  0.0254090005
238.3  0.0254000956
238.4  0.0253911974
238.5  0.0253823059
238.6  0.0253734211
238.7  0.0253645430
238.8  0.0253556716
238.9  0.0253468070
239.0  0.0253379490
239.1  0.0253290977
239.2  0.0253202531
239.3  0.0253114151
239.4  0.0253025838
239.5  0.0252937591
239.6  0.0252849411
239.7  0.0252761297
239.8  0.0252673250
239.9  0.0252585268
240.0  0.0252497353
240.1  0.0252409504
240.2  0.0252321721
240.3  0.0252234003
240.4  0.0252146352
240.5  0.0252058766
240.6  0.0251971246
240.7  0.0251883791
240.8  0.0251796402
240.9  0.0251709078
241.0  0.0251621820
241.1  0.0251534626
241.2  0.0251447499
241.3  0.0251360436
241.4  0.0251273438
241.5  0.0251186505
241.6  0.0251099637
241.7  0.0251012834
241.8  0.0250926096
241.9  0.0250839422
242.0  0.0250752813
242.1  0.0250666269
242.2  0.0250579789
242.3  0.0250493373
242.4  0.0250407022
242.5  0.0250320735
242.6  0.0250234512
242.7  0.0250148353
242.8  0.0250062258
242.9  0.0249976227
243.0  0.0249890260
243.1  0.0249804356
243.2  0.0249718517
243.3  0.0249632741
243.4  0.0249547028
243.5  0.0249461379
243.6  0.0249375794
243.7  0.0249290272
243.8  0.0249204813
243.9  0.0249119417
244.0  0.0249034085
244.1  0.0248948815
244.2  0.0248863609
244.3  0.0248778465
244.4  0.0248693385
244.5  0.0248608367
244.6  0.0248523412
244.7  0.0248438519
244.8  0.0248353689
244.9  0.0248268922
245.0  0.0248184216
245.1  0.0248099574
245.2  0.0248014993
245.3  0.0247930475
245.4  0.0247846019
245.5  0.0247761625
245.6  0.0247677293
245.7  0.0247593023
245.8  0.0247508814
245.9  0.0247424668
246.0  0.0247340583
246.1  0.0247256560
246.2  0.0247172598
246.3  0.0247088698
246.4  0.0247004860
246.5  0.0246921083
246.6  0.0246837367
246.7  0.0246753712
246.8  0.0246670118
246.9  0.0246586586
247.0  0.0246503114
247.1  0.0246419704
247.2  0.0246336354
247.3  0.0246253066
247.4  0.0246169838
247.5  0.0246086670
247.6  0.0246003564
247.7  0.0245920517
247.8  0.0245837532
247.9  0.0245754606
248.0  0.0245671741
248.1  0.0245588937
248.2  0.0245506192
248.3  0.0245423508
248.4  0.0245340884
248.5  0.0245258319
248.6  0.0245175815
248.7  0.0245093370
248.8  0.0245010986
248.9  0.0244928661
249.0  0.0244846396
249.1  0.0244764190
249.2  0.0244682044
249.3  0.0244599957
249.4  0.0244517930
249.5  0.0244435962
249.6  0.0244354053
249.7  0.0244272204
249.8  0.0244190413
249.9  0.0244108682
250.0  0.0244027010
250.1  0.0243945397
250.2  0.0243863842
250.3  0.0243782347
250.4  0.0243700910
250.5  0.0243619532
250.6  0.0243538212
250.7  0.0243456951
250.8  0.0243375748
250.9  0.0243294604
251.0  0.0243213518
251.1  0.0243132491
251.2  0.0243051522
251.3  0.0242970611
251.4  0.0242889758
251.5  0.0242808963
251.6  0.0242728226
251.7  0.0242647546
251.8  0.0242566925
251.9  0.0242486362
252.0  0.0242405856
252.1  0.0242325408
252.2  0.0242245017
252.3  0.0242164684
252.4  0.0242084408
252.5  0.0242004190
252.6  0.0241924029
252.7  0.0241843926
252.8  0.0241763879
252.9  0.0241683890
253.0  0.0241603958
253.1  0.0241524083
253.2  0.0241444265
253.3  0.0241364503
253.4  0.0241284799
253.5  0.0241205151
253.6  0.0241125560
253.7  0.0241046026
253.8  0.0240966548
253.9  0.0240887126
254.0  0.0240807762
254.1  0.0240728453
254.2  0.0240649201
254.3  0.0240570005
254.4  0.0240490865
254.5  0.0240411782
254.6  0.0240332755
254.7  0.0240253783
254.8  0.0240174868
254.9  0.0240096008
255.0  0.0240017204
255.1  0.0239938456
255.2  0.0239859764
255.3  0.0239781128
255.4  0.0239702547
255.5  0.0239624021
255.6  0.0239545551
255.7  0.0239467137
255.8  0.0239388778
255.9  0.0239310474
256.0  0.0239232225
256.1  0.0239154032
256.2  0.0239075893
256.3  0.0238997810
256.4  0.0238919782
256.5  0.0238841808
256.6  0.0238763890
256.7  0.0238686026
256.8  0.0238608217
256.9  0.0238530463
257.0  0.0238452763
257.1  0.0238375118
257.2  0.0238297528
257.3  0.0238219992
257.4  0.0238142510
257.5  0.0238065083
257.6  0.0237987710
257.7  0.0237910391
257.8  0.0237833126
257.9  0.0237755916
258.0  0.0237678759
258.1  0.0237601657
258.2  0.0237524608
258.3  0.0237447613
258.4  0.0237370672
258.5  0.0237293785
258.6  0.0237216952
258.7  0.0237140172
258.8  0.0237063446
258.9  0.0236986773
259.0  0.0236910154
259.1  0.0236833588
259.2  0.0236757076
259.3  0.0236680617
259.4  0.0236604211
259.5  0.0236527858
259.6  0.0236451558
259.7  0.0236375312
259.8  0.0236299118
259.9  0.0236222978
260.0  0.0236146890
260.1  0.0236070855
260.2  0.0235994873
260.3  0.0235918944
260.4  0.0235843067
260.5  0.0235767243
260.6  0.0235691472
260.7  0.0235615753
260.8  0.0235540086
260.9  0.0235464472
261.0  0.0235388910
261.1  0.0235313401
261.2  0.0235237943
261.3  0.0235162538
261.4  0.0235087185
261.5  0.0235011884
261.6  0.0234936635
261.7  0.0234861438
261.8  0.0234786293
261.9  0.0234711200
262.0  0.0234636158
262.1  0.0234561169
262.2  0.0234486231
262.3  0.0234411344
262.4  0.0234336509
262.5  0.0234261726
262.6  0.0234186994
262.7  0.0234112313
262.8  0.0234037684
262.9  0.0233963106
263.0  0.0233888579
263.1  0.0233814104
263.2  0.0233739679
263.3  0.0233665306
263.4  0.0233590984
263.5  0.0233516712
263.6  0.0233442492
263.7  0.0233368322
263.8  0.0233294203
263.9  0.0233220135
264.0  0.0233146118
264.1  0.0233072151
264.2  0.0232998235
264.3  0.0232924369
264.4  0.0232850554
264.5  0.0232776790
264.6  0.0232703075
264.7  0.0232629411
264.8  0.0232555798
264.9  0.0232482234
265.0  0.0232408721
265.1  0.0232335257
265.2  0.0232261844
265.3  0.0232188481
265.4  0.0232115168
265.5  0.0232041904
265.6  0.0231968691
265.7  0.0231895527
265.8  0.0231822413
265.9  0.0231749349
266.0  0.0231676334
266.1  0.0231603369
266.2  0.0231530454
266.3  0.0231457588
266.4  0.0231384771
266.5  0.0231312004
266.6  0.0231239286
266.7  0.0231166618
266.8  0.0231093998
266.9  0.0231021428
267.0  0.0230948907
267.1  0.0230876435
267.2  0.0230804012
267.3  0.0230731638
267.4  0.0230659313
267.5  0.0230587036
267.6  0.0230514809
267.7  0.0230442630
267.8  0.0230370500
267.9  0.0230298419
268.0  0.0230226386
268.1  0.0230154402
268.2  0.0230082467
268.3  0.0230010580
268.4  0.0229938741
268.5  0.0229866950
268.6  0.0229795208
268.7  0.0229723515
268.8  0.0229651869
268.9  0.0229580272
269.0  0.0229508722
269.1  0.0229437221
269.2  0.0229365768
269.3  0.0229294362
269.4  0.0229223005
269.5  0.0229151696
269.6  0.0229080434
269.7  0.0229009220
269.8  0.0228938054
269.9  0.0228866935
270.0  0.0228795864
270.1  0.0228724841
270.2  0.0228653865
270.3  0.0228582937
270.4  0.0228512056
270.5  0.0228441222
270.6  0.0228370436
270.7  0.0228299697
270.8  0.0228229005
270.9  0.0228158360
271.0  0.0228087763
271.1  0.0228017212
271.2  0.0227946709
271.3  0.0227876253
271.4  0.0227805843
271.5  0.0227735480
271.6  0.0227665165
271.7  0.0227594896
271.8  0.0227524674
271.9  0.0227454498
272.0  0.0227384369
272.1  0.0227314287
272.2  0.0227244251
272.3  0.0227174262
272.4  0.0227104319
272.5  0.0227034423
272.6  0.0226964573
272.7  0.0226894769
272.8  0.0226825012
272.9  0.0226755300
273.0  0.0226685635
273.1  0.0226616016
273.2  0.0226546444
273.3  0.0226476917
273.4  0.0226407436
273.5  0.0226338001
273.6  0.0226268612
273.7  0.0226199269
273.8  0.0226129971
273.9  0.0226060720
274.0  0.0225991514
274.1  0.0225922354
274.2  0.0225853239
274.3  0.0225784170
274.4  0.0225715146
274.5  0.0225646168
274.6  0.0225577235
274.7  0.0225508348
274.8  0.0225439506
274.9  0.0225370709
275.0  0.0225301958
275.1  0.0225233252
275.2  0.0225164591
275.3  0.0225095975
275.4  0.0225027404
275.5  0.0224958878
275.6  0.0224890397
275.7  0.0224821961
275.8  0.0224753569
275.9  0.0224685223
276.0  0.0224616921
276.1  0.0224548665
276.2  0.0224480452
276.3  0.0224412285
276.4  0.0224344162
276.5  0.0224276084
276.6  0.0224208050
276.7  0.0224140061
276.8  0.0224072116
276.9  0.0224004215
277.0  0.0223936359
277.1  0.0223868547
277.2  0.0223800779
277.3  0.0223733056
277.4  0.0223665376
277.5  0.0223597741
277.6  0.0223530150
277.7  0.0223462603
277.8  0.0223395100
277.9  0.0223327641
278.0  0.0223260225
278.1  0.0223192854
278.2  0.0223125526
278.3  0.0223058242
278.4  0.0222991002
278.5  0.0222923805
278.6  0.0222856653
278.7  0.0222789543
278.8  0.0222722477
278.9  0.0222655455
279.0  0.0222588476
279.1  0.0222521541
279.2  0.0222454649
279.3  0.0222387800
279.4  0.0222320995
279.5  0.0222254233
279.6  0.0222187514
279.7  0.0222120838
279.8  0.0222054205
279.9  0.0221987615
280.0  0.0221921069
280.1  0.0221854565
280.2  0.0221788104
280.3  0.0221721686
280.4  0.0221655311
280.5  0.0221588979
280.6  0.0221522690
280.7  0.0221456443
280.8  0.0221390239
280.9  0.0221324077
281.0  0.0221257959
281.1  0.0221191882
281.2  0.0221125849
281.3  0.0221059857
281.4  0.0220993909
281.5  0.0220928002
281.6  0.0220862138
281.7  0.0220796316
281.8  0.0220730537
281.9  0.0220664799
282.0  0.0220599104
282.1  0.0220533451
282.2  0.0220467840
282.3  0.0220402271
282.4  0.0220336744
282.5  0.0220271260
282.6  0.0220205817
282.7  0.0220140416
282.8  0.0220075056
282.9  0.0220009739
283.0  0.0219944463
283.1  0.0219879229
283.2  0.0219814037
283.3  0.0219748886
283.4  0.0219683777
283.5  0.0219618710
283.6  0.0219553684
283.7  0.0219488699
283.8  0.0219423756
283.9  0.0219358854
284.0  0.0219293994
284.1  0.0219229175
284.2  0.0219164397
284.3  0.0219099661
284.4  0.0219034966
284.5  0.0218970311
284.6  0.0218905698
284.7  0.0218841126
284.8  0.0218776595
284.9  0.0218712105
285.0  0.0218647656
285.1  0.0218583248
285.2  0.0218518881
285.3  0.0218454555
285.4  0.0218390269
285.5  0.0218326024
285.6  0.0218261820
285.7  0.0218197656
285.8  0.0218133533
285.9  0.0218069451
286.0  0.0218005409
286.1  0.0217941408
286.2  0.0217877447
286.3  0.0217813527
286.4  0.0217749647
286.5  0.0217685808
286.6  0.0217622008
286.7  0.0217558249
286.8  0.0217494531
286.9  0.0217430852
287.0  0.0217367214
287.1  0.0217303615
287.2  0.0217240057
287.3  0.0217176539
287.4  0.0217113061
287.5  0.0217049623
287.6  0.0216986224
287.7  0.0216922866
287.8  0.0216859547
287.9  0.0216796269
288.0  0.0216733030
288.1  0.0216669830
288.2  0.0216606671
288.3  0.0216543551
288.4  0.0216480471
288.5  0.0216417430
288.6  0.0216354429
288.7  0.0216291467
288.8  0.0216228545
288.9  0.0216165662
289.0  0.0216102819
289.1  0.0216040015
289.2  0.0215977250
289.3  0.0215914524
289.4  0.0215851838
289.5  0.0215789191
289.6  0.0215726583
289.7  0.0215664015
289.8  0.0215601485
289.9  0.0215538994
290.0  0.0215476543
290.1  0.0215414130
290.2  0.0215351756
290.3  0.0215289421
290.4  0.0215227125
290.5  0.0215164868
290.6  0.0215102650
290.7  0.0215040470
290.8  0.0214978329
290.9  0.0214916227
291.0  0.0214854164
291.1  0.0214792139
291.2  0.0214730152
291.3  0.0214668204
291.4  0.0214606295
291.5  0.0214544424
291.6  0.0214482591
291.7  0.0214420797
291.8  0.0214359041
291.9  0.0214297324
292.0  0.0214235644
292.1  0.0214174003
292.2  0.0214112401
292.3  0.0214050836
292.4  0.0213989309
292.5  0.0213927821
292.6  0.0213866370
292.7  0.0213804958
292.8  0.0213743584
292.9  0.0213682247
293.0  0.0213620948
293.1  0.0213559688
293.2  0.0213498465
293.3  0.0213437280
293.4  0.0213376132
293.5  0.0213315023
293.6  0.0213253951
293.7  0.0213192916
293.8  0.0213131920
293.9  0.0213070961
294.0  0.0213010039
294.1  0.0212949155
294.2  0.0212888308
294.3  0.0212827499
294.4  0.0212766728
294.5  0.0212705993
294.6  0.0212645296
294.7  0.0212584636
294.8  0.0212524014
294.9  0.0212463429
295.0  0.0212402881
295.1  0.0212342370
295.2  0.0212281896
295.3  0.0212221459
295.4  0.0212161060
295.5  0.0212100697
295.6  0.0212040371
295.7  0.0211980083
295.8  0.0211919831
295.9  0.0211859616
296.0  0.0211799438
296.1  0.0211739296
296.2  0.0211679192
296.3  0.0211619124
296.4  0.0211559093
296.5  0.0211499099
296.6  0.0211439141
296.7  0.0211379220
296.8  0.0211319335
296.9  0.0211259487
297.0  0.0211199675
297.1  0.0211139900
297.2  0.0211080162
297.3  0.0211020459
297.4  0.0210960793
297.5  0.0210901164
297.6  0.0210841570
297.7  0.0210782013
297.8  0.0210722492
297.9  0.0210663008
298.0  0.0210603559
298.1  0.0210544147
298.2  0.0210484771
298.3  0.0210425430
298.4  0.0210366126
298.5  0.0210306858
298.6  0.0210247625
298.7  0.0210188429
298.8  0.0210129269
298.9  0.0210070144
299.0  0.0210011055
299.1  0.0209952002
299.2  0.0209892985
299.3  0.0209834003
299.4  0.0209775057
299.5  0.0209716147
299.6  0.0209657272
299.7  0.0209598433
299.8  0.0209539630
299.9  0.0209480862
300.0  0.0209422129
